group,stratum,variant,cases,positives,auc,pr_auc,brier,log_loss,accuracy,ece,ece_15,ece_quantile_10,calibration_intercept,calibration_slope,sensitivity_0.1,specificity_0.1,ppv_0.1,npv_0.1,sensitivity_0.2,specificity_0.2,ppv_0.2,npv_0.2,sensitivity_0.5,specificity_0.5,ppv_0.5,npv_0.5
age,65_or_older,random_forest,6764,735,0.8373644166573578,0.4735275055558257,0.07470624353197192,0.2579095236104878,0.9044943820224719,0.005264304849201366,0.007502549083382648,0.007005138675339991,0.029726305416431453,1.016991687343884,0.7918367346938775,0.7153756841930669,0.25326370757180156,0.9657411553963278,0.5782312925170068,0.8901973793332227,0.39098436062557496,0.9453936938523868,0.20816326530612245,0.9893846409023055,0.7050691244239631,0.9111043225904994
age,65_or_older,extra_trees,6764,735,0.840439914562607,0.49165388097419876,0.07352318524543702,0.25515783725473806,0.9074512123004139,0.010655697220579225,0.010830889414547447,0.009674029568302713,0.024974682565338812,1.0609307098410172,0.8068027210884354,0.7021064853209488,0.24822101297614063,0.9675428571428571,0.6081632653061224,0.8827334549676563,0.3873483535528596,0.948663101604278,0.24353741496598638,0.9883894509868967,0.7188755020080321,0.9146584804297775
age,65_or_older,hist_gradient_boosting,6764,735,0.8409776781835642,0.4915350493739107,0.0735952130148404,0.2551354840453722,0.9049379065641632,0.009828230564289438,0.010626207510076214,0.012601046888334636,-0.17663242063208917,0.949168029927697,0.7727891156462585,0.7369381323602587,0.26369545032497677,0.9637744034707159,0.5972789115646259,0.8809089401227401,0.3794295592048401,0.9472088460852506,0.2897959183673469,0.9799303367059213,0.6377245508982036,0.9188180404354588
age,65_or_older,calibrated_logistic_regression,6764,735,0.8328126075442617,0.474191027712693,0.0766851641779033,0.2644653767685495,0.9022767593140154,0.013655249102211805,0.015537631288315444,0.018548426833198562,-0.39882110274368143,0.8574716535713397,0.7346938775510204,0.7651351799635097,0.27607361963190186,0.9594425956738769,0.5523809523809524,0.9003151434732128,0.4031777557100298,0.9428521799548376,0.31700680272108844,0.9736274672416653,0.5943877551020408,0.921217827997489
age,65_or_older,apache_raw,6764,735,0.8004984976242943,0.4113955633375036,0.08426342081082488,0.28915166093597106,0.8903015966883501,0.04592600331035084,0.04592600331035077,0.04592600331035046,-0.7152997094092196,0.8490290863941193,0.780952380952381,0.6170177475534915,0.1990981616371835,0.9585158464313321,0.6258503401360545,0.8175485155083762,0.2948717948717949,0.9471560338201384,0.3224489795918367,0.9595289434400398,0.49272349272349275,0.9207385007162183
age,65_or_older,apache_only_logistic,6764,735,0.8048791385852733,0.41233449057338806,0.08151245992875629,0.2830291175214174,0.8984328799526907,0.022046208966547534,0.02610674617198555,0.028668242905440823,-0.39262497639224586,0.8147894859057964,0.601360544217687,0.836291258915243,0.3093072078376487,0.9450796626054359,0.46258503401360546,0.9205506717531929,0.41514041514041516,0.9335576114381834,0.2870748299319728,0.9729640072980594,0.5641711229946524,0.9179968701095461
age,65_or_older,apache_recalibrated,6764,735,0.8029614234149457,0.4121070100899887,0.08017462182494149,0.27722977292115336,0.8997634535777647,0.012246762043586363,0.014333728978589014,0.01455385346206897,-0.3661018510540204,0.85883512138093,0.7074829931972789,0.7437385967822193,0.25181598062953997,0.954245584166844,0.5265306122448979,0.8855531597279814,0.3593314763231198,0.9388078072797609,0.2612244897959184,0.9776082269033007,0.5871559633027523,0.9156439335093988
age,65_or_older,deterministic,6764,735,0.843995518260381,0.49692887010066145,0.07319335698994286,0.2537832410532843,0.9058249556475458,0.011648980436808336,0.011308120057932176,0.009992899378577972,-0.03461852557667582,0.9178646150490559,0.7414965986394558,0.7823851384972632,0.2934841141626279,0.9612798043611168,0.5537414965986395,0.9112622325427102,0.4320594479830149,0.9436619718309859,0.2748299319727891,0.9827500414662464,0.6601307189542484,0.9174667079591204
age,65_or_older,mean_logit,6764,735,0.8434083336436249,0.4984871116103076,0.07302005509355507,0.2530706428498895,0.9053814311058546,0.007628008427598312,0.008747572028042622,0.006437907369857902,-0.03606402266357888,0.9624824594339626,0.7537414965986394,0.7613202852877757,0.2779729051680883,0.9620624607000628,0.564625850340136,0.9036324431912424,0.4166666666666667,0.9445214979195562,0.27755102040816326,0.9819207165367391,0.6517571884984026,0.9176871802821268
age,65_or_older,baseline,6764,735,0.8434193913093518,0.4985178742147589,0.0730253914054149,0.2530442138092719,0.9053814311058546,0.007608449415195092,0.009943382306067847,0.00551878530870492,-0.03373143959377448,0.9700066532841571,0.7564625850340136,0.7585005805274506,0.27634194831013914,0.9623316498316499,0.5687074829931973,0.902803118261735,0.4163346613545817,0.9449652777777777,0.27755102040816326,0.9819207165367391,0.6517571884984026,0.9176871802821268
age,65_or_older,flat_confidence,6764,735,0.8434193913093518,0.4985178742147589,0.07302539140232148,0.2530442138162623,0.9053814311058546,0.0076084494204887365,0.009943382315585905,0.005518785325620852,-0.03373143977383567,0.9700066531824353,0.7564625850340136,0.7585005805274506,0.27634194831013914,0.9623316498316499,0.5687074829931973,0.902803118261735,0.4163346613545817,0.9449652777777777,0.27755102040816326,0.9819207165367391,0.6517571884984026,0.9176871802821268
age,65_or_older,mc_confidence_only,6764,735,0.8435157509678277,0.4988072078421564,0.07299977464517271,0.2529798897181882,0.9056771141336487,0.0072125944796075595,0.009067045909819507,0.006166459107471453,-0.02719346792316164,0.9691562216003493,0.7551020408163265,0.7608226903300713,0.27791687531296944,0.9622404027690371,0.564625850340136,0.9034665782053408,0.41624874623871616,0.9445118779261314,0.27755102040816326,0.982252446508542,0.6559485530546624,0.9177126917712691
age,65_or_older,nars_gated,6764,735,0.8435184589675977,0.49881909111455947,0.07299938077561649,0.25297805847361865,0.9056771141336487,0.007211733002620607,0.009105298707374188,0.006165564138648217,-0.027159524366386564,0.9691882542279056,0.7551020408163265,0.7608226903300713,0.27791687531296944,0.9622404027690371,0.564625850340136,0.9034665782053408,0.41624874623871616,0.9445118779261314,0.27755102040816326,0.982252446508542,0.6559485530546624,0.9177126917712691
age,65_or_older,transformer_recalibrated,6764,735,0.8434193913093518,0.4985178742147589,0.07303056375482922,0.2530096459205106,0.9056771141336487,0.00796137214172004,0.00956682085290878,0.005176651898900062,-0.04330748888252067,0.9785997350439757,0.7605442176870748,0.7530270359927019,0.27294921875,0.9626802374893978,0.5755102040816327,0.9006468734450157,0.41389432485322897,0.9456635318704284,0.2816326530612245,0.9817548515508376,0.6529968454258676,0.9181014425314099
age,unavailable,random_forest,726,116,0.8324265121537591,0.5376573802543123,0.10302077307164464,0.3358563414550577,0.8622589531680441,0.03330920936639121,0.03992077961432507,0.030733490358126718,0.41504668045993365,1.0684094086032505,0.8275862068965517,0.6737704918032786,0.3254237288135593,0.9535962877030162,0.603448275862069,0.8557377049180328,0.4430379746835443,0.9190140845070423,0.1896551724137931,0.9901639344262295,0.7857142857142857,0.8653295128939829
age,unavailable,extra_trees,726,116,0.8287662521198418,0.5532035899145054,0.10124214876033748,0.3331843712880122,0.8691460055096418,0.0321074311294766,0.03561982782369146,0.0301101997245179,0.44224354164013935,1.1136305961086603,0.8275862068965517,0.6491803278688525,0.3096774193548387,0.9519230769230769,0.5948275862068966,0.8590163934426229,0.44516129032258067,0.9176882661996497,0.25,0.9868852459016394,0.7837837837837838,0.8737300435413643
age,unavailable,hist_gradient_boosting,726,116,0.8371537591859808,0.5694932186047236,0.09929119593260692,0.32728225023935853,0.8677685950413223,0.027265384612608638,0.03072245016971829,0.031264535046387175,0.28610095797138724,1.040877793768392,0.7931034482758621,0.6901639344262295,0.3274021352313167,0.946067415730337,0.6120689655172413,0.8573770491803279,0.44936708860759494,0.920774647887324,0.28448275862068967,0.978688524590164,0.717391304347826,0.8779411764705882
age,unavailable,calibrated_logistic_regression,726,116,0.8181317128321086,0.5352708524798775,0.10616658726649623,0.35104608118000696,0.8567493112947658,0.05011367979806622,0.05548753315808954,0.04628679392462157,0.346666190034241,0.9316995386643502,0.6982758620689655,0.7836065573770492,0.38028169014084506,0.9317738791423001,0.5172413793103449,0.9065573770491804,0.5128205128205128,0.9080459770114943,0.21551724137931033,0.978688524590164,0.6578947368421053,0.8677325581395349
age,unavailable,apache_raw,726,116,0.7279889768230638,0.41971897944219877,0.11756134289906889,0.3869919527096249,0.8443526170798898,0.041158274870339816,0.03540069911276404,0.03972576798328736,-0.5008905692971106,0.7999527437320222,0.7672413793103449,0.49836065573770494,0.22531645569620254,0.918429003021148,0.5775862068965517,0.7672131147540984,0.32057416267942584,0.9052224371373307,0.2413793103448276,0.9590163934426229,0.5283018867924528,0.8692421991084696
age,unavailable,apache_only_logistic,726,116,0.7419375353306954,0.420443719180181,0.11762009097421333,0.3898407136246502,0.8512396694214877,0.0538052855705824,0.054558463499550965,0.05597879658122043,-0.1626245688294804,0.7596897478055298,0.5689655172413793,0.8032786885245902,0.3548387096774194,0.9074074074074074,0.3793103448275862,0.9032786885245901,0.42718446601941745,0.884430176565008,0.21551724137931033,0.9721311475409836,0.5952380952380952,0.8669590643274854
age,unavailable,apache_recalibrated,726,116,0.7386729790842284,0.42147554633974005,0.11504424603877762,0.38080357365342676,0.8512396694214877,0.035014260245419204,0.04516019116891073,0.037266591238530364,-0.14431449467517746,0.8441456119974345,0.6724137931034483,0.6442622950819672,0.26440677966101694,0.9118329466357309,0.5,0.8639344262295082,0.41134751773049644,0.9008547008547009,0.20689655172413793,0.9737704918032787,0.6,0.8658892128279884
age,unavailable,deterministic,726,116,0.8354437535330694,0.5645744358415594,0.10192002324434812,0.33662485085941685,0.8636363636363636,0.042908279421500675,0.0437962487301489,0.042908279421500675,0.4535587658956796,0.9801699259449326,0.7672413793103449,0.7557377049180328,0.3739495798319328,0.944672131147541,0.5603448275862069,0.8918032786885246,0.4961832061068702,0.9142857142857143,0.22413793103448276,0.9852459016393442,0.7428571428571429,0.869753979739508
age,unavailable,mean_logit,726,116,0.8357829282080271,0.5667221251245433,0.10161082525909139,0.3347942350339248,0.8622589531680441,0.03997033519240118,0.04103125322546261,0.04092570133830073,0.46347814193960446,1.0139394139328275,0.7758620689655172,0.740983606557377,0.3629032258064516,0.9456066945606695,0.5603448275862069,0.8868852459016393,0.48507462686567165,0.9138513513513513,0.22413793103448276,0.9836065573770492,0.7222222222222222,0.8695652173913043
age,unavailable,baseline,726,116,0.8355709440361787,0.5656178251393138,0.1015685884863524,0.3344895600441322,0.8622589531680441,0.038772746135609666,0.040530568960231494,0.04041510880080128,0.4625037521462771,1.020780831475912,0.7758620689655172,0.739344262295082,0.3614457831325301,0.9454926624737946,0.5603448275862069,0.8868852459016393,0.48507462686567165,0.9138513513513513,0.22413793103448276,0.9836065573770492,0.7222222222222222,0.8695652173913043
age,unavailable,flat_confidence,726,116,0.8355709440361787,0.5656178251393138,0.10156858851206835,0.334489560120455,0.8622589531680441,0.038772746158874036,0.040530568969240906,0.04041510882431019,0.462503751608241,1.0207808309681916,0.7758620689655172,0.739344262295082,0.3614457831325301,0.9454926624737946,0.5603448275862069,0.8868852459016393,0.48507462686567165,0.9138513513513513,0.22413793103448276,0.9836065573770492,0.7222222222222222,0.8695652173913043
age,unavailable,mc_confidence_only,726,116,0.8359383832673828,0.5662311436874448,0.10162635688732333,0.334781806502029,0.8636363636363636,0.03967920233903337,0.04137486782094703,0.03974381491010718,0.47006984521658757,1.018045716011837,0.7758620689655172,0.740983606557377,0.3629032258064516,0.9456066945606695,0.5603448275862069,0.8868852459016393,0.48507462686567165,0.9138513513513513,0.22413793103448276,0.9852459016393442,0.7428571428571429,0.869753979739508
age,unavailable,nars_gated,726,116,0.8359383832673828,0.5662311436874448,0.10162567085106507,0.3347789019462256,0.8636363636363636,0.0396784699131685,0.04137408486966583,0.039743418182960275,0.4700999268316222,1.0180702112431739,0.7758620689655172,0.740983606557377,0.3629032258064516,0.9456066945606695,0.5603448275862069,0.8868852459016393,0.48507462686567165,0.9138513513513513,0.22413793103448276,0.9852459016393442,0.7428571428571429,0.869753979739508
age,unavailable,transformer_recalibrated,726,116,0.8355709440361787,0.5656178251393138,0.10137654550214613,0.33361719649278615,0.8636363636363636,0.0368817879347848,0.040014626552988285,0.039233656863642524,0.4530374594973475,1.0303716979707709,0.7758620689655172,0.7360655737704918,0.35856573705179284,0.9452631578947368,0.5689655172413793,0.8852459016393442,0.4852941176470588,0.9152542372881356,0.23275862068965517,0.9836065573770492,0.7297297297297297,0.8708272859216255
age,under_65,random_forest,6735,386,0.8923262771584117,0.4578023577002138,0.03976558622882554,0.15073790415840368,0.9492204899777282,0.003996828507794538,0.0056337995545653816,0.005595599109131417,-0.015222945749257458,0.9812357886896345,0.7253886010362695,0.8809261300992283,0.2702702702702703,0.9814002456571328,0.5440414507772021,0.9530634745629233,0.41338582677165353,0.9717359884374498,0.21243523316062177,0.9940148054811782,0.6833333333333333,0.9540438397581255
age,under_65,extra_trees,6735,386,0.8957693553796974,0.49654593142124315,0.0384237989236588,0.14743663004374685,0.9527839643652561,0.009182381885671317,0.010332344766146686,0.008117543875278417,-0.019430203496926576,1.044887102705284,0.7512953367875648,0.8738383997479918,0.26581118240146656,0.9829907866761163,0.6113989637305699,0.9483383209954324,0.41843971631205673,0.9756927564414195,0.27202072538860106,0.9941723106000945,0.7394366197183099,0.957379038374033
age,under_65,hist_gradient_boosting,6735,386,0.897041841683689,0.5053372829104109,0.03808597903670531,0.1414884332568898,0.9520415738678545,0.00634200825755782,0.006935360170552646,0.0065516402148672465,-0.1194054457976575,0.9976291050640408,0.7253886010362695,0.8906914474720429,0.2874743326488706,0.9816004165943413,0.6113989637305699,0.9497558670656796,0.4252252252252252,0.9757281553398058,0.3134715025906736,0.9908647031028508,0.6759776536312849,0.9595790115924344
age,under_65,calibrated_logistic_regression,6735,386,0.8893106253932528,0.4874264056554806,0.03930576257890577,0.14792968795922198,0.9512991833704528,0.011689508625370661,0.012310295875618474,0.007963997382196776,0.0520590390451277,1.0671508050167124,0.6528497409326425,0.9250275633958104,0.34615384615384615,0.9776926918594973,0.4896373056994819,0.9666089147897307,0.4713216957605985,0.968898010735712,0.2849740932642487,0.9918097338163491,0.6790123456790124,0.9580100410771337
age,under_65,apache_raw,6735,386,0.8699336193452194,0.42927978297289177,0.04336780177639467,0.16676974328435482,0.9483296213808463,0.03360714616444835,0.03360714616444804,0.03420096769377248,-0.6677145168423464,0.9957072308576663,0.7564766839378239,0.8275318947865805,0.21052631578947367,0.9824233358264772,0.6088082901554405,0.9165222869743267,0.30718954248366015,0.9747068676716918,0.3756476683937824,0.983146952275949,0.5753968253968254,0.9628258522289064
age,under_65,apache_only_logistic,6735,386,0.8645955831647429,0.4233012133496939,0.04176048035272648,0.16358109381441197,0.9487750556792873,0.019554563808575287,0.020906134928321173,0.021236187544308182,-0.23813056002534547,1.0764769454790426,0.582901554404145,0.9255000787525595,0.3223495702005731,0.9733311247308266,0.47668393782383417,0.9626712868168216,0.43705463182897863,0.9680076021539437,0.30569948186528495,0.9878721058434399,0.6051282051282051,0.9590214067278288
age,under_65,apache_recalibrated,6735,386,0.8686474635555189,0.4279170466899674,0.041286298275185776,0.15841187019565553,0.9489235337787676,0.013227016221304247,0.013882067120373216,0.013361382380474003,-0.28218635956660754,0.9995666808596917,0.6709844559585493,0.8828161915262246,0.25822532402791626,0.9778436845778088,0.5414507772020726,0.9470782800441014,0.3834862385321101,0.97140549273021,0.27202072538860106,0.9900771775082691,0.625,0.9572102938937109
age,under_65,deterministic,6735,386,0.9023145907682414,0.5143262355715232,0.03793984545818746,0.1400841446809157,0.9508537490720119,0.00859740978238569,0.00708739055701239,0.00386783257999707,-0.0015885553696528623,0.9500304868868704,0.6839378238341969,0.9061269491258466,0.30697674418604654,0.9792340425531915,0.5647668393782384,0.9590486690817451,0.4560669456066946,0.9731500719194502,0.29533678756476683,0.9907071979839345,0.6589595375722543,0.9585492227979274
age,under_65,mean_logit,6735,386,0.9021232179683146,0.5134026238155482,0.038003967348245835,0.14015656374588223,0.9512991833704528,0.005908861107451801,0.006112215836442171,0.003378922671350444,0.04274298700811182,1.0054533594086443,0.6968911917098446,0.9040793825799338,0.30637813211845105,0.9800239030220249,0.5699481865284974,0.9579461332493306,0.4517453798767967,0.9734314980793854,0.29015544041450775,0.9914947235785163,0.6746987951807228,0.9582889328664942
age,under_65,baseline,6735,386,0.9021089364160811,0.5133220213332522,0.038006738785578253,0.14015586910896008,0.9512991833704528,0.0055650792800402225,0.005070594369075391,0.0030025710325760043,0.04410019451457794,1.0137036230299574,0.6968911917098446,0.9028193416286029,0.3036117381489842,0.9799965806120704,0.5699481865284974,0.9573161127736651,0.4480651731160896,0.9734144778987829,0.29015544041450775,0.9914947235785163,0.6746987951807228,0.9582889328664942
age,under_65,flat_confidence,6735,386,0.9021089364160811,0.5133220213332522,0.03800673878346881,0.14015586910750816,0.9512991833704528,0.005565079281078508,0.00507059436676527,0.003002571016267625,0.04410019344409072,1.0137036227562577,0.6968911917098446,0.9028193416286029,0.3036117381489842,0.9799965806120704,0.5699481865284974,0.9573161127736651,0.4480651731160896,0.9734144778987829,0.29015544041450775,0.9914947235785163,0.6746987951807228,0.9582889328664942
age,under_65,mc_confidence_only,6735,386,0.902208499237365,0.5132569940454219,0.0380170333084413,0.1401889487719744,0.9512991833704528,0.00551062520982275,0.00543086107868293,0.0032571841029345513,0.0530515600566579,1.0134174550133834,0.6968911917098446,0.9039218774610175,0.30602957906712175,0.9800204918032787,0.5699481865284974,0.9577886281304142,0.45081967213114754,0.9734272450776372,0.29015544041450775,0.9914947235785163,0.6746987951807228,0.9582889328664942
age,under_65,nars_gated,6735,386,0.9022084992373651,0.5132554178299589,0.03801713302987232,0.14018929508974873,0.9512991833704528,0.005547887433856204,0.005251755703281455,0.0032558091356204516,0.05302327303468393,1.0134255278808746,0.6968911917098446,0.9039218774610175,0.30602957906712175,0.9800204918032787,0.5699481865284974,0.9577886281304142,0.45081967213114754,0.9734272450776372,0.29015544041450775,0.9914947235785163,0.6746987951807228,0.9582889328664942
age,under_65,transformer_recalibrated,6735,386,0.9021089364160811,0.5133220213332522,0.03800736888626436,0.14016815175761854,0.9515961395694135,0.005008281957860516,0.004495495601203007,0.0030366605465094792,0.03486712349229639,1.0232327242745396,0.6994818652849741,0.8999842494881084,0.2983425414364641,0.9801029159519725,0.5699481865284974,0.9562135769412506,0.44176706827309237,0.9733846400513068,0.29533678756476683,0.9914947235785163,0.6785714285714286,0.9585807827013857
gender,F,random_forest,6603,589,0.8645839391165945,0.48057519751279104,0.06083903278821914,0.2160809411194316,0.9229138270483114,0.007295833560503179,0.008248615932151832,0.01160826730274115,0.09676229200090936,1.0286882547218934,0.765704584040747,0.7879946790821417,0.261297798377752,0.9717039163420136,0.5704584040747029,0.9215164615896242,0.4158415841584158,0.956341673856773,0.2037351443123939,0.9933488526770868,0.75,0.9272078224429614
gender,F,extra_trees,6603,589,0.8681990183629257,0.5089432282635569,0.05928562051346585,0.2125577293991746,0.9259427532939573,0.012749949265484986,0.012723446160835776,0.01324050961684084,0.08886676245443291,1.0768304863856617,0.7928692699490663,0.777851679414699,0.25901275651691624,0.9745833333333334,0.6112054329371817,0.9170269371466578,0.4190919674039581,0.9601323119777159,0.25127334465195245,0.9920186232125041,0.7551020408163265,0.9311690338692056
gender,F,hist_gradient_boosting,6603,589,0.8693145535346783,0.49754707399943876,0.059836346249818075,0.21034935597693613,0.9224594881114645,0.00896738454027811,0.007219544698100095,0.008472672785529371,-0.11776393985971279,0.9723684754529935,0.7436332767402377,0.8024609245094779,0.2693726937269373,0.9696604380148683,0.5959252971137521,0.9130362487529099,0.40160183066361554,0.9584569732937686,0.2937181663837012,0.9840372464250083,0.6431226765799256,0.9343227028733817
gender,F,calibrated_logistic_regression,6603,589,0.8601297030189321,0.48199458624986524,0.061653700574534565,0.2176775159480123,0.9207935786763592,0.009902955875190038,0.011898230420373752,0.010081729187096903,-0.1629878904284298,0.9503089386078696,0.7011884550084889,0.8397073495177918,0.2999273783587509,0.9663222349789514,0.533106960950764,0.9341536415031593,0.4422535211267606,0.9533344646190396,0.2869269949066214,0.9828732956434985,0.6213235294117647,0.9336597693887222
gender,F,apache_raw,6603,589,0.8327902692246671,0.42421675279778964,0.06797307518039394,0.24069667799163819,0.9126154778131153,0.03993809543939434,0.04007136819420254,0.04024094323584992,-0.6428320457616031,0.9255185646311475,0.7792869269949066,0.6962088460259395,0.20078740157480315,0.969886495251332,0.6196943972835314,0.8583305620219488,0.2999178307313065,0.9584106943928704,0.3293718166383701,0.969737279680745,0.5159574468085106,0.9365665649590493
gender,F,apache_only_logistic,6603,589,0.8310569057033306,0.4217415477418395,0.06602644750533003,0.2364461692163801,0.9162501893078904,0.016325786031887717,0.018484641001952396,0.02338801769121232,-0.276148077906701,0.92388284633916,0.599320882852292,0.8752909876953775,0.3200362647325476,0.9570909090909091,0.45161290322580644,0.9406385101429997,0.42696629213483145,0.9459866220735786,0.27164685908319186,0.979381443298969,0.5633802816901409,0.9321095109985758
gender,F,apache_recalibrated,6603,589,0.832841084441905,0.4239161643022661,0.06494170040353231,0.2308211400489077,0.917613206118431,0.010885188732126827,0.01169537014923143,0.012757285667310528,-0.26977513882625587,0.9345140191821011,0.6943972835314092,0.7986365147988028,0.25246913580246916,0.9638771824202288,0.534804753820034,0.9155304289990023,0.3827460510328068,0.9525951557093426,0.2461799660441426,0.983372131692717,0.5918367346938775,0.9301667190940547
gender,F,deterministic,6603,589,0.8713954366805693,0.5076033532531962,0.0595167222516016,0.20938766608828607,0.9229138270483114,0.012178386984655768,0.01303992506312188,0.00783811920243422,0.034948165592572196,0.9400005841549518,0.7147707979626485,0.8383771200532092,0.3022254127781766,0.9677543186180422,0.5534804753820034,0.9353175922846692,0.45594405594405596,0.9553328804347826,0.2733446519524618,0.9865314266711007,0.6652892561983471,0.9327149819210816
gender,F,mean_logit,6603,589,0.8708632884333837,0.5085482684812898,0.05941923253924626,0.20893719384817583,0.9230652733605936,0.008802108960742206,0.010584968872569312,0.008164166594643089,0.0485418205047831,0.9876290646343411,0.7300509337860781,0.8242434319920187,0.28917283120376597,0.968921032056294,0.5585738539898133,0.9319920186232125,0.44579945799457993,0.9556692242114238,0.2767402376910017,0.9863651479880279,0.6653061224489796,0.9329977980497012
gender,F,baseline,6603,589,0.8708023101726984,0.508350410488384,0.05942117383647485,0.20892715217720756,0.9230652733605936,0.008305756260227495,0.011008240877725815,0.008035409738138422,0.05019487406110284,0.9953527610781143,0.733446519524618,0.8222480877951447,0.28780812791472354,0.9692277538220305,0.5585738539898133,0.9316594612570669,0.4445945945945946,0.9556541019955654,0.2767402376910017,0.9863651479880279,0.6653061224489796,0.9329977980497012
gender,F,flat_confidence,6603,589,0.8708023101726984,0.508350410488384,0.05942117384035123,0.20892715219900637,0.9230652733605936,0.008305756283472502,0.011008240890474818,0.008035409722352196,0.050194873089023775,0.9953527606691124,0.733446519524618,0.8222480877951447,0.28780812791472354,0.9692277538220305,0.5585738539898133,0.9316594612570669,0.4445945945945946,0.9556541019955654,0.2767402376910017,0.9863651479880279,0.6653061224489796,0.9329977980497012
gender,F,mc_confidence_only,6603,589,0.8708265885542675,0.5084724072306621,0.05941825471591991,0.20894525744071177,0.923216719672876,0.00847475761525516,0.010510936951122693,0.008560553226993863,0.05730571679118092,0.9941995670052911,0.7317487266553481,0.8240771533089458,0.28945601074546673,0.9691044192412984,0.5585738539898133,0.9318257399401396,0.44519621109607577,0.9556616643929059,0.2767402376910017,0.9865314266711007,0.6680327868852459,0.9330083346438119
gender,F,nars_gated,6603,589,0.8708302585421793,0.5084651844782025,0.05941797058929987,0.208943671419814,0.923216719672876,0.008473741926613258,0.010509624686889306,0.008560086114778116,0.05733012299027086,0.994229157277028,0.7317487266553481,0.8240771533089458,0.28945601074546673,0.9691044192412984,0.5585738539898133,0.9318257399401396,0.44519621109607577,0.9556616643929059,0.2767402376910017,0.9865314266711007,0.6680327868852459,0.9330083346438119
gender,F,transformer_recalibrated,6603,589,0.8708023101726984,0.508350410488384,0.059411045963391064,0.20885977240535417,0.9235196122974405,0.008130556338617135,0.009359600043450008,0.007570377182033647,0.04031329752684196,1.004126844847653,0.7368421052631579,0.8177585633521782,0.28366013071895424,0.9694460871279322,0.5602716468590832,0.9303292317924842,0.44058744993324434,0.9557567475230612,0.2835314091680815,0.9861988693049552,0.668,0.9335746891232488
gender,M,random_forest,7615,648,0.8711472913753906,0.46740352674470464,0.058575386868128555,0.20697283197626984,0.9239658568614576,0.002703322258699478,0.007223138673670595,0.008251372422849595,0.0061668602818860975,0.9908050092179245,0.7824074074074074,0.7997703459164633,0.2665615141955836,0.975319446875547,0.5694444444444444,0.9174680637290081,0.3908898305084746,0.9581771848298606,0.21141975308641975,0.9902397014496914,0.6682926829268293,0.9310391363022942
gender,M,extra_trees,7615,648,0.8732607601621045,0.4903843564940256,0.057515586309989104,0.20439712962863052,0.927774130006566,0.007777815758371097,0.007743523703217556,0.00685120590938939,0.012220189632973956,1.0471795082609567,0.7901234567901234,0.7885747093440505,0.2579345088161209,0.9758436944937833,0.6049382716049383,0.9108655088273289,0.386969397828233,0.9612238715540745,0.25462962962962965,0.9903832352519019,0.7112068965517241,0.9345794392523364
gender,M,hist_gradient_boosting,7615,648,0.8748786164759085,0.5037938351799035,0.056605558980992704,0.20044229474487804,0.927774130006566,0.005967073766593934,0.006156144485449416,0.005874548156851944,-0.11195521005703854,0.9804724804663492,0.7746913580246914,0.8164202669728721,0.2818641212801797,0.9749742886527254,0.6095679012345679,0.9140232524759581,0.39738430583501005,0.9617882495091375,0.2993827160493827,0.9862207549877996,0.6689655172413793,0.9380204778156996
gender,M,calibrated_logistic_regression,7615,648,0.86617843023637,0.4758403754718432,0.059523446133202644,0.21036596651519804,0.9251477347340775,0.014094209334056864,0.015364464898047886,0.015941302433122702,-0.25355002720430314,0.9240077541260259,0.7098765432098766,0.848141237261375,0.30303030303030304,0.9691651631950139,0.5262345679012346,0.9322520453566815,0.4194341943419434,0.9548662158188768,0.30709876543209874,0.9826324099325391,0.621875,0.9384509938313914
gender,M,apache_raw,7615,648,0.8381874560316979,0.4114348741366014,0.06546716344860558,0.23247089655221245,0.9177938279711096,0.038606125390883574,0.03860612539088353,0.038868716592458816,-0.6972047362892827,0.8942737442770888,0.7654320987654321,0.729725850437778,0.20849096258932326,0.970970206264324,0.6126543209876543,0.8679489019664131,0.3014426727410782,0.9601460781200382,0.3333333333333333,0.9721544423711784,0.526829268292683,0.9400416377515615
gender,M,apache_only_logistic,7615,648,0.8396577914932298,0.4106176279689226,0.063295955166109,0.22816487593527837,0.9229152987524623,0.016918045109118617,0.023571275322574706,0.02231100096192998,-0.34284659042906845,0.9114205630766832,0.5864197530864198,0.8808669441653509,0.3140495867768595,0.9581576893052303,0.4660493827160494,0.9400028706760442,0.41944444444444445,0.9498187092095721,0.2993827160493827,0.980910004306014,0.5932721712538226,0.9377058177826564
gender,M,apache_recalibrated,7615,648,0.8398846103411675,0.4118561375764886,0.06238361377286876,0.22246804857839866,0.9230466185160867,0.011055309283788763,0.011980307297520741,0.011797035720283277,-0.3358865966932606,0.9045911852635883,0.691358024691358,0.8141237261375054,0.2570281124497992,0.9659400544959128,0.5231481481481481,0.9137361848715373,0.3606382978723404,0.9537078651685393,0.2716049382716049,0.983637146548012,0.6068965517241379,0.9355631399317406
gender,M,deterministic,7615,648,0.8780640479721863,0.5069101088316138,0.05665106857264951,0.19974312466847174,0.9267235718975706,0.009187311243320291,0.009769566992199316,0.006720487254235138,0.011864639955315047,0.9351055870361396,0.7361111111111112,0.8445528922061145,0.3057692307692308,0.9717588769611891,0.5617283950617284,0.9323955791588919,0.4359281437125748,0.9581120943952802,0.279320987654321,0.9869384239988517,0.6654411764705882,0.9364020155249898
gender,M,mean_logit,7615,648,0.8777162886057196,0.5065596301760205,0.056613716982730024,0.19939824230458753,0.9264609323703218,0.006334950374087693,0.006555505336820234,0.004770182241179793,0.024338630156152244,0.9827858426927343,0.7453703703703703,0.8353667288646476,0.296319018404908,0.9724310776942355,0.5725308641975309,0.9272283622793168,0.42255125284738043,0.9588837761614962,0.2762345679012346,0.9869384239988517,0.662962962962963,0.9361470388019061
gender,M,baseline,7615,648,0.8777348948393394,0.5065563836407765,0.05661461034248786,0.19935169947200032,0.9264609323703218,0.005232736359991572,0.005562933421283647,0.004231669745927106,0.026446359382992262,0.9907874204151872,0.7453703703703703,0.8333572556337018,0.2937956204379562,0.972366437782616,0.5771604938271605,0.9262236256638439,0.42117117117117114,0.9592686189980675,0.2762345679012346,0.9869384239988517,0.662962962962963,0.9361470388019061
gender,M,flat_confidence,7615,648,0.8777348948393394,0.5065563836407765,0.056614610336751865,0.19935169946483586,0.9264609323703218,0.005232736368658398,0.005562933429250823,0.004231669743387084,0.026446359364238187,0.9907874204409263,0.7453703703703703,0.8333572556337018,0.2937956204379562,0.972366437782616,0.5771604938271605,0.9262236256638439,0.42117117117117114,0.9592686189980675,0.2762345679012346,0.9869384239988517,0.662962962962963,0.9361470388019061
gender,M,mc_confidence_only,7615,648,0.8778627019440857,0.5066716629524033,0.05660931003211893,0.19933668092887535,0.9267235718975706,0.005360005554515037,0.005820890976342847,0.004798394119126108,0.03433361333866879,0.9905878296421993,0.7453703703703703,0.8349361274580164,0.29577464788732394,0.9724172517552658,0.5725308641975309,0.9270848284771064,0.42207053469852107,0.9588776722090261,0.2762345679012346,0.9872254916032726,0.667910447761194,0.9361644208520484
gender,M,nars_gated,7615,648,0.8778646954691163,0.5066954753543716,0.056609229330831505,0.19933645890025212,0.9267235718975706,0.005200966576603517,0.005539189561073423,0.004797850086247629,0.034335724184666544,0.9906026111257467,0.7453703703703703,0.8349361274580164,0.29577464788732394,0.9724172517552658,0.5725308641975309,0.9270848284771064,0.42207053469852107,0.9588776722090261,0.2762345679012346,0.9872254916032726,0.667910447761194,0.9361644208520484
gender,M,transformer_recalibrated,7615,648,0.8777348948393394,0.5065563836407765,0.056609716910773655,0.19930534564844007,0.9267235718975706,0.00467238625464104,0.005411514913227738,0.00393007146250523,0.016761881474709035,0.9997157967481134,0.7484567901234568,0.8296253767762308,0.2900717703349282,0.972572774692916,0.5848765432098766,0.9243576862351084,0.41832229580573954,0.9599046057534655,0.279320987654321,0.9869384239988517,0.6654411764705882,0.9364020155249898
gender,unavailable,random_forest,7,0,,,0.02223303571457143,0.09584805623691652,1.0,0.08107171428571427,0.08107171428571427,0.08107171428571427,,,,0.8571428571428571,0.0,1.0,,0.8571428571428571,0.0,1.0,,1.0,,1.0
gender,unavailable,extra_trees,7,0,,,0.021824107143000003,0.10890553514408548,1.0,0.09535728571428571,0.09535728571428571,0.09535728571428571,,,,0.7142857142857143,0.0,1.0,,0.8571428571428571,0.0,1.0,,1.0,,1.0
gender,unavailable,hist_gradient_boosting,7,0,,,0.03453885197931245,0.13757910626695263,1.0,0.11433003210991528,0.11433003210991528,0.11433003210991528,,,,0.7142857142857143,0.0,1.0,,0.7142857142857143,0.0,1.0,,1.0,,1.0
gender,unavailable,calibrated_logistic_regression,7,0,,,0.018468089393516404,0.10689128379369195,1.0,0.09598821034820817,0.09598821034820817,0.09598821034820819,,,,0.7142857142857143,0.0,1.0,,0.7142857142857143,0.0,1.0,,1.0,,1.0
gender,unavailable,apache_raw,7,0,,,0.004399027984128096,0.05516731919156113,1.0,0.052831316429755804,0.052831316429755804,0.052831316429755804,,,,1.0,,1.0,,1.0,,1.0,,1.0,,1.0
gender,unavailable,apache_only_logistic,7,0,,,0.003995530483596324,0.060341466217886795,1.0,0.058237939612157584,0.058237939612157584,0.058237939612157584,,,,1.0,,1.0,,1.0,,1.0,,1.0,,1.0
gender,unavailable,apache_recalibrated,7,0,,,0.0036024123590843596,0.049049515909442835,1.0,0.04714739422232928,0.047147394222329275,0.047147394222329275,,,,1.0,,1.0,,1.0,,1.0,,1.0,,1.0
gender,unavailable,deterministic,7,0,,,0.030265501173052715,0.11650644327906563,1.0,0.09545387425792537,0.09545387425792537,0.09545387425792537,,,,0.7142857142857143,0.0,1.0,,0.8571428571428571,0.0,1.0,,1.0,,1.0
gender,unavailable,mean_logit,7,0,,,0.025026371601484184,0.10785622440860355,1.0,0.09132128096991818,0.09132128096991818,0.09132128096991818,,,,0.7142857142857143,0.0,1.0,,0.8571428571428571,0.0,1.0,,1.0,,1.0
gender,unavailable,baseline,7,0,,,0.02566568969990583,0.11015484877392114,1.0,0.09318560167713029,0.09318560167713029,0.09318560167713029,,,,0.7142857142857143,0.0,1.0,,0.8571428571428571,0.0,1.0,,1.0,,1.0
gender,unavailable,flat_confidence,7,0,,,0.02566568993169,0.11015484927885144,1.0,0.09318560199706065,0.09318560199706065,0.09318560199706065,,,,0.7142857142857143,0.0,1.0,,0.8571428571428571,0.0,1.0,,1.0,,1.0
gender,unavailable,mc_confidence_only,7,0,,,0.025328335527460406,0.10939648559144312,1.0,0.0927021737474383,0.0927021737474383,0.0927021737474383,,,,0.7142857142857143,0.0,1.0,,0.8571428571428571,0.0,1.0,,1.0,,1.0
gender,unavailable,nars_gated,7,0,,,0.025328343557752146,0.10939654964611002,1.0,0.09270223349770915,0.09270223349770915,0.09270223349770915,,,,0.7142857142857143,0.0,1.0,,0.8571428571428571,0.0,1.0,,1.0,,1.0
gender,unavailable,transformer_recalibrated,7,0,,,0.026229135628695294,0.11207820603324045,1.0,0.0946975487093048,0.09469754870930479,0.09469754870930479,,,,0.7142857142857143,0.0,1.0,,0.8571428571428571,0.0,1.0,,1.0,,1.0
apache_availability,available,random_forest,12825,1132,0.8744780710515396,0.48928518714534786,0.05938425230029817,0.20984071739045215,0.9232748538011696,0.005832266978556652,0.005906730916178778,0.008789955243664757,0.05824995584995271,1.0236643268561134,0.7924028268551236,0.7899598050115454,0.2675216224276767,0.9751900337837838,0.5980565371024735,0.9156760454973061,0.40709561034275404,0.9592366959326286,0.21908127208480566,0.991447874796887,0.7126436781609196,0.9291496353290054
apache_availability,available,extra_trees,12825,1132,0.8773098292929328,0.5158859672773566,0.0580462903119625,0.2067807683257202,0.9269395711500975,0.010526972241714524,0.010956601871344413,0.010966595009746588,0.05104436781515509,1.0759719169609603,0.8074204946996466,0.7806379885401522,0.2627191721759126,0.9766745131607104,0.6333922261484098,0.9088343453348157,0.4021312394840157,0.9624162289440319,0.26855123674911663,0.9906781835286068,0.7360774818401937,0.9332903641637126
apache_availability,available,hist_gradient_boosting,12825,1132,0.8800659631763015,0.5196526076613265,0.057712221151094624,0.20258959428032172,0.9251461988304094,0.006899866700684064,0.007203913730241753,0.006790310364673885,-0.1022512761458786,0.9952799806022669,0.7800353356890459,0.8058667578893355,0.28005074532191565,0.9742555831265509,0.627208480565371,0.9100316428632516,0.4029511918274688,0.9618548314200488,0.3127208480565371,0.9844351321303344,0.6604477611940298,0.9366913499877939
apache_availability,available,calibrated_logistic_regression,12825,1132,0.8700686648017192,0.49499089126275236,0.06029009635672973,0.2121932663705417,0.9228849902534113,0.012438708692114988,0.013655494952699429,0.01433085133632961,-0.2340764078797651,0.9417410790773835,0.7279151943462897,0.8386213974172582,0.3039468830689782,0.9695471623492189,0.558303886925795,0.9287607970580689,0.43139931740614335,0.9559859154929577,0.31802120141342755,0.9814418883092448,0.6239168110918544,0.9369693011103853
apache_availability,available,apache_raw,12825,1132,0.8534943137433255,0.4417091241738688,0.0662804909162053,0.23279613346594988,0.9143859649122807,0.04215441192982429,0.04215441192982489,0.04246625083820644,-0.6827420295419463,0.9259639059605594,0.8436395759717314,0.6827161549645087,0.20471596998928188,0.9783088235294117,0.6731448763250883,0.8484563414008381,0.3007103393843725,0.9640462540083569,0.3621908127208481,0.9678440092362952,0.5216284987277354,0.9400282415483013
apache_availability,available,apache_only_logistic,12825,1132,0.8534943137433255,0.4417091241738688,0.0640035688987803,0.22814934620907584,0.9192982456140351,0.01786001915587103,0.023644723434404925,0.026289687128827444,-0.31459722036819054,0.9187611149658148,0.6475265017667845,0.864876421790815,0.3169044530912235,0.9620433789954338,0.5017667844522968,0.9337210296758744,0.422933730454207,0.9508796376937816,0.3127208480565371,0.9780210382279997,0.5793780687397708,0.9363026035696741
apache_availability,available,apache_recalibrated,12825,1132,0.8534943137433255,0.4417091241738688,0.06290339154725265,0.22186617736733252,0.9200779727095516,0.011588452570688485,0.01186399301994256,0.012505796537822883,-0.30729290813918203,0.9205587557276402,0.7570671378091873,0.7856837424099888,0.2548319952423431,0.9709363770872965,0.5777385159010601,0.9051569314974771,0.3709585933068633,0.9567890074127644,0.2835689045936396,0.9816984520653382,0.6,0.9340113913751017
apache_availability,available,deterministic,12825,1132,0.8815885738772162,0.5249556974195041,0.05755477716591936,0.2017827551797764,0.9249122807017544,0.009232155884621522,0.009247685539033301,0.005477672341909644,0.023577564778024546,0.9539778781028915,0.7482332155477032,0.835200547336013,0.3053352559480894,0.9716446124763705,0.5865724381625441,0.9297015308304114,0.4468371467025572,0.9587265190933945,0.2941696113074205,0.9859745146668947,0.670020120724346,0.9351881894873458
apache_availability,available,mean_logit,12825,1132,0.8810425070842118,0.5257130121843798,0.05750225422209403,0.20158602490885474,0.9247563352826511,0.006401650823682675,0.007389180329853872,0.004150298677934108,0.03681664975941815,1.0025648005804617,0.7606007067137809,0.8244248695800906,0.29547014413177763,0.9726566441327817,0.5945229681978799,0.9253399469768238,0.43531694695989653,0.9593049029169253,0.29328621908127206,0.9858889934148636,0.6680080482897385,0.9351070733290071
apache_availability,available,baseline,12825,1132,0.8810198424414474,0.5255407508375086,0.05751108189472667,0.20160769540667006,0.9247563352826511,0.005838009080288509,0.007106279089928205,0.004555109017338952,0.038359438017732256,1.0103332919605634,0.7623674911660777,0.8224578807833747,0.2936372915957809,0.972789803762897,0.5962897526501767,0.9245702557085436,0.43352601156069365,0.9594426695065673,0.29328621908127206,0.9858889934148636,0.6680080482897385,0.9351070733290071
apache_availability,available,flat_confidence,12825,1132,0.8810198424414474,0.5255407508375086,0.057511081894158655,0.2016076954197764,0.9247563352826511,0.00583800909208234,0.007106279101476315,0.004555109001343022,0.038359437337003144,1.0103332916739753,0.7623674911660777,0.8224578807833747,0.2936372915957809,0.972789803762897,0.5962897526501767,0.9245702557085436,0.43352601156069365,0.9594426695065673,0.29328621908127206,0.9858889934148636,0.6680080482897385,0.9351070733290071
apache_availability,available,mc_confidence_only,12825,1132,0.8810469644639555,0.525696327052241,0.05750623991107876,0.20160582184705547,0.924990253411306,0.005649690601092461,0.006865715252266465,0.004550989479401311,0.045923274903896916,1.0096197695942524,0.7614840989399293,0.8241683058239972,0.295407813570939,0.9727465428484909,0.5945229681978799,0.9251689044727615,0.4347545219638243,0.9592976855546688,0.29328621908127206,0.986145557170957,0.6720647773279352,0.9351228610818263
apache_availability,available,nars_gated,12825,1132,0.881048550988949,0.5257055400636821,0.05750609193695266,0.20160510539115245,0.924990253411306,0.005628581088071406,0.006718926871077912,0.004551009097576682,0.04593888383643697,1.0096437081555116,0.7614840989399293,0.8241683058239972,0.295407813570939,0.9727465428484909,0.5945229681978799,0.9251689044727615,0.4347545219638243,0.9592976855546688,0.29328621908127206,0.986145557170957,0.6720647773279352,0.9351228610818263
apache_availability,available,transformer_recalibrated,12825,1132,0.8810198424414474,0.5255407508375086,0.05751170034982445,0.2016110288622569,0.9251461988304094,0.005974698882540688,0.006707989629289337,0.004476957056485504,0.02866963515836849,1.0194729062934695,0.765017667844523,0.8184383819379115,0.289729006356641,0.9729564863765758,0.6015901060070671,0.9229453519199521,0.4304677623261694,0.9598861513830828,0.29858657243816256,0.9858034721628325,0.6706349206349206,0.935557178800422
apache_availability,unavailable,random_forest,1400,105,0.7944475087332231,0.28614800825204223,0.06166021428577714,0.2231030754085796,0.9257142857142857,0.014685651428571384,0.01649993714285714,0.011128634285714277,-0.10707464262213795,0.8725516319066509,0.580952380952381,0.833976833976834,0.2210144927536232,0.9608540925266904,0.26666666666666666,0.9521235521235522,0.3111111111111111,0.9412213740458015,0.08571428571428572,0.9938223938223938,0.5294117647058824,0.93058568329718
apache_availability,unavailable,extra_trees,1400,105,0.7977790034932892,0.30300448711145617,0.06082374107147429,0.22057272450958465,0.9271428571428572,0.009207097142857135,0.013432097142857093,0.011957188571428566,0.006700851854885586,0.9528834601972408,0.6190476190476191,0.81003861003861,0.2090032154340836,0.9632690541781451,0.3333333333333333,0.9575289575289575,0.3888888888888889,0.9465648854961832,0.08571428571428572,0.9953667953667954,0.6,0.9306859205776173
apache_availability,unavailable,hist_gradient_boosting,1400,105,0.7793417907703621,0.2895575066318749,0.06159518687776776,0.2271831279262128,0.9271428571428572,0.016422995269010986,0.01687418299466042,0.01273577830699329,-0.32568647473335516,0.8132528034186396,0.5428571428571428,0.8463320463320463,0.22265625,0.958041958041958,0.34285714285714286,0.9444015444015444,0.3333333333333333,0.9465944272445821,0.12380952380952381,0.9922779922779923,0.5652173913043478,0.9331880900508351
apache_availability,unavailable,calibrated_logistic_regression,1400,105,0.7915352086780658,0.29210432516297785,0.062342298606204105,0.22759362185879753,0.9257142857142857,0.021003438561036814,0.020150553107944287,0.018612334807360645,0.23374263606558704,0.9906948709212441,0.4666666666666667,0.8942084942084942,0.26344086021505375,0.9538714991762768,0.21904761904761905,0.9714285714285714,0.38333333333333336,0.9388059701492537,0.0761904761904762,0.9945945945945946,0.5333333333333333,0.9299638989169675
apache_availability,unavailable,apache_raw,1400,105,0.5,0.075,0.06953011590916326,0.2674012868267272,0.925,0.012454553752070469,0.012454553752070469,0.012454553752072661,,,0.0,1.0,,0.925,0.0,1.0,,0.925,0.0,1.0,,0.925
apache_availability,unavailable,apache_only_logistic,1400,105,0.5,0.075,0.0693953778958158,0.26652615051073614,0.925,0.00451418827872533,0.00451418827872533,0.004514188278727016,,,0.0,1.0,,0.925,0.0,1.0,,0.925,0.0,1.0,,0.925
apache_availability,unavailable,apache_recalibrated,1400,105,0.5,0.075,0.06939320495565557,0.26651128538769275,0.925,0.004266726573802738,0.004266726573802738,0.00426672657380088,,,0.0,1.0,,0.925,0.0,1.0,,0.925,0.0,1.0,,0.925
apache_availability,unavailable,deterministic,1400,105,0.8019415333701048,0.303010427001597,0.06175617540239075,0.2261302596097765,0.9257142857142857,0.027157121258870966,0.02889582800088517,0.022956356461342822,0.018841316993554787,0.8275291276142508,0.4857142857142857,0.8996138996138996,0.281767955801105,0.955701394585726,0.24761904761904763,0.9698841698841699,0.4,0.9408239700374532,0.08571428571428572,0.9938223938223938,0.5294117647058824,0.93058568329718
apache_availability,unavailable,mean_logit,1400,105,0.8024636881779739,0.3024330761531213,0.06154815820213323,0.22388866445981226,0.9264285714285714,0.02230615116090342,0.023245771698618575,0.020151423986198094,0.03012073551530641,0.8687177711090829,0.49523809523809526,0.8818532818532818,0.25365853658536586,0.9556485355648535,0.2571428571428571,0.9660231660231661,0.38028169014084506,0.9413092550790068,0.09523809523809523,0.9938223938223938,0.5555555555555556,0.9312590448625181
apache_availability,unavailable,baseline,1400,105,0.8027357970215113,0.30252042437716015,0.06148450223451301,0.22340111975446988,0.9264285714285714,0.021618289555571848,0.021803301404837754,0.01965856577937831,0.03768934133745078,0.8773265091875104,0.49523809523809526,0.8795366795366796,0.25,0.9555369127516778,0.26666666666666666,0.9660231660231661,0.3888888888888889,0.9420180722891566,0.09523809523809523,0.9938223938223938,0.5555555555555556,0.9312590448625181
apache_availability,unavailable,flat_confidence,1400,105,0.8027357970215113,0.30252042437716015,0.061484502227958385,0.22340111970077398,0.9264285714285714,0.02161828953581095,0.02180330139879188,0.019658565798467077,0.037689344204745547,0.8773265102650419,0.49523809523809526,0.8795366795366796,0.25,0.9555369127516778,0.26666666666666666,0.9660231660231661,0.3888888888888889,0.9420180722891566,0.09523809523809523,0.9938223938223938,0.5555555555555556,0.9312590448625181
apache_availability,unavailable,mc_confidence_only,1400,105,0.803316786173929,0.3033590932026692,0.06148457376636568,0.22341819311789932,0.9264285714285714,0.021999366119609058,0.02218552636249167,0.020020502786645265,0.04497583689440499,0.8771701894700472,0.49523809523809526,0.8810810810810811,0.2524271844660194,0.9556113902847572,0.2571428571428571,0.9660231660231661,0.38028169014084506,0.9413092550790068,0.09523809523809523,0.9938223938223938,0.5555555555555556,0.9312590448625181
apache_availability,unavailable,nars_gated,1400,105,0.8033167861739289,0.30335226190572884,0.06148415033493953,0.2234160686546029,0.9264285714285714,0.02199784225035596,0.022183939458543994,0.020018488575398626,0.044955006496382705,0.8771784768823676,0.49523809523809526,0.8810810810810811,0.2524271844660194,0.9556113902847572,0.2571428571428571,0.9660231660231661,0.38028169014084506,0.9413092550790068,0.09523809523809523,0.9938223938223938,0.5555555555555556,0.9312590448625181
apache_availability,unavailable,transformer_recalibrated,1400,105,0.8027357970215113,0.30252042437716015,0.06140726981051069,0.22281027613515209,0.9264285714285714,0.02027980575051427,0.02121186623045939,0.01850773145537294,0.029049738416631842,0.8854151173186375,0.5047619047619047,0.8749034749034749,0.24651162790697675,0.9561181434599156,0.26666666666666666,0.9644787644787645,0.3783783783783784,0.9419306184012066,0.09523809523809523,0.9938223938223938,0.5555555555555556,0.9312590448625181
